2500
1.5000 653.5360
2.5000 653.5991
3.5000 653.6340
4.5000 653.6790
5.5000 653.7230
6.5000 653.7720
7.5000 653.8380
8.5000 653.8670
9.5000 653.9290
10.5000 653.9930
11.5000 654.0220
12.5000 654.0590
13.5000 654.1210
14.5000 654.1930
15.5000 654.2150
16.5000 654.2970
17.5000 654.3490
18.5000 654.4180
19.5000 654.5070
20.5000 654.5780
21.5000 654.6590
22.5000 654.7531
23.5000 654.8620
24.5000 654.9680
25.5000 655.1060
26.5000 655.2360
27.5000 655.3570
28.5000 655.4610
29.5000 655.5750
30.5000 655.6740
31.5000 655.7900
32.5000 655.8560
33.5000 655.9620
34.5000 656.0600
35.5000 656.1700
36.5000 656.2890
37.5000 656.3970
38.5000 656.5010
39.5000 656.6230
40.5000 656.7380
41.5000 656.8520
42.5000 656.9561
43.5000 657.0690
44.5000 657.1580
45.5000 657.2640
46.5000 657.3330
47.5000 657.4280
48.5000 657.5510
49.5000 657.6660
50.5000 657.7770
51.5000 657.8860
52.5000 657.9970
53.5000 658.0940
54.5000 658.2130
55.5000 658.3740
56.5000 658.4901
57.5000 658.6570
58.5000 658.7700
59.5000 658.8980
60.5000 659.0230
61.5000 659.1550
62.5000 659.2850
63.5000 659.3820
64.5000 659.3911
65.5000 659.5300
66.5000 659.6660
67.5000 659.8000
68.5000 659.8911
69.5000 660.0330
70.5000 660.1360
71.5000 660.2890
72.5000 660.4270
73.5000 660.4620
74.5000 660.4371
75.5000 660.6780
76.5000 660.7780
77.5000 660.7980
78.5000 660.9030
79.5000 661.0070
80.5000 661.1141
81.5000 661.3860
82.5000 661.4700
83.5000 661.5880
84.5000 661.6900
85.5000 661.7640
86.5000 661.8210
87.5000 661.8831
88.5000 661.9930
89.5000 662.0320
90.5000 662.1470
91.5000 662.2070
92.5000 662.3080
93.5000 662.3460
94.5000 662.4020
95.5000 662.4810
96.5000 662.5650
97.5000 662.6610
98.5000 662.7510
99.5000 662.8450
100.5000 662.9330
101.5000 662.9930
102.5000 663.0710
103.5000 663.1560
104.5000 663.2340
105.5000 663.3360
106.5000 663.4070
107.5000 663.4800
108.5000 663.5820
109.5000 663.6760
110.5000 663.7280
111.5000 663.7860
112.5000 663.8620
113.5000 663.9240
114.5000 663.9690
115.5000 664.0260
116.5000 664.0820
117.5000 664.1480
118.5000 664.2150
119.5000 664.2850
120.5000 664.3320
121.5000 664.3700
122.5000 664.4130
123.5000 664.5270
124.5000 664.4950
125.5000 664.3140
126.5000 664.2270
127.5000 664.1100
128.5000 664.0190
129.5000 663.9521
130.5000 664.0569
131.5000 663.8940
132.5000 663.7910
133.5000 663.8420
134.5000 663.8130
135.5000 663.5831
136.5000 663.4760
137.5000 663.3571
138.5000 663.4691
139.5000 663.5780
140.5000 663.4561
141.5000 663.4090
142.5000 663.3940
143.5000 663.3671
144.5000 663.4110
145.5000 663.3860
146.5000 663.5180
147.5000 663.5560
148.5000 663.5350
149.5000 663.5521
150.5000 663.6710
151.5000 663.6820
152.5000 663.6050
153.5000 663.4760
154.5000 663.4520
155.5000 663.4240
156.5000 663.4130
157.5000 663.3870
158.5000 663.3181
159.5000 663.3230
160.5000 663.2690
161.5000 663.1860
162.5000 663.1740
163.5000 663.1900
164.5000 663.1440
165.5000 663.1520
166.5000 663.0800
167.5000 663.1170
168.5000 663.0621
169.5000 663.0910
170.5000 663.0511
171.5000 663.1790
172.5000 663.2030
173.5000 663.1851
174.5000 663.2920
175.5000 663.3350
176.5000 663.3710
177.5000 663.3670
178.5000 663.4030
179.5000 663.4260
180.5000 663.4290
181.5000 663.4890
182.5000 663.5880
183.5000 663.7090
184.5000 663.8060
185.5000 663.9771
186.5000 664.1530
187.5000 664.2700
188.5000 664.3710
189.5000 664.4810
190.5000 664.6080
191.5000 664.7160
192.5000 664.8540
193.5000 665.0240
194.5000 665.1890
195.5000 665.3710
196.5000 665.4930
197.5000 665.6880
198.5000 665.7940
199.5000 665.9440
200.5000 666.0770
201.5000 666.2990
202.5000 666.4500
203.5000 666.6270
204.5000 666.7410
205.5000 666.8970
206.5000 667.0750
207.5000 667.2100
208.5000 667.3960
209.5000 667.4880
210.5000 667.6800
211.5000 667.8930
212.5000 668.1160
213.5000 668.3281
214.5000 668.5800
215.5000 668.6770
216.5000 668.8021
217.5000 669.0000
218.5000 669.1570
219.5000 669.4140
220.5000 669.6360
221.5000 669.7820
222.5000 669.9780
223.5000 670.2900
224.5000 670.4630
225.5000 670.6350
226.5000 670.8970
227.5000 671.1630
228.5000 671.3250
229.5000 671.4250
230.5000 671.5360
231.5000 671.6660
232.5000 671.8510
233.5000 672.0370
234.5000 672.2230
235.5000 672.3651
236.5000 672.4890
237.5000 672.5861
238.5000 672.7480
239.5000 672.8800
240.5000 673.0200
241.5000 673.1270
242.5000 673.2420
243.5000 673.3340
244.5000 673.4360
245.5000 673.5421
246.5000 673.6550
247.5000 673.7720
248.5000 673.8810
249.5000 673.9930
250.5000 674.0930
251.5000 674.1730
252.5000 674.2250
253.5000 674.2920
254.5000 674.3630
255.5000 674.4580
256.5000 674.4740
257.5000 674.4481
258.5000 674.4930
259.5000 674.4740
260.5000 674.4710
261.5000 674.4790
262.5000 674.4770
263.5000 674.4790
264.5000 674.4580
265.5000 674.4360
266.5000 674.3600
267.5000 674.2980
268.5000 674.2610
269.5000 674.2140
270.5000 674.1440
271.5000 674.0610
272.5000 674.0081
273.5000 674.0089
274.5000 673.1700
275.5000 672.3160
276.5000 671.4690
277.5000 670.6639
278.5000 669.8732
279.5000 670.1219
280.5000 670.2791
281.5000 670.5070
282.5000 670.7711
283.5000 670.9718
284.5000 669.7280
285.5000 668.4470
286.5000 667.1309
287.5000 665.8052
288.5000 666.3680
289.5000 666.8341
290.5000 667.4110
291.5000 667.8901
292.5000 668.4119
293.5000 667.9900
294.5000 667.5290
295.5000 667.0770
296.5000 666.6980
297.5000 666.2730
298.5000 665.8060
299.5000 665.3350
300.5000 664.8931
301.5000 664.7930
302.5000 664.7140
303.5000 664.5970
304.5000 664.3790
305.5000 664.2031
306.5000 664.5950
307.5000 664.9570
308.5000 665.2880
309.5000 665.6551
310.5000 666.0609
311.5000 665.9500
312.5000 665.8520
313.5000 665.7390
314.5000 665.7100
315.5000 665.6010
316.5000 665.4960
317.5000 665.3701
318.5000 665.2679
319.5000 664.9960
320.5000 664.9080
321.5000 664.8590
322.5000 664.7840
323.5000 664.7380
324.5000 664.6910
325.5000 664.6610
326.5000 664.6300
327.5000 664.5630
328.5000 664.5680
329.5000 664.5010
330.5000 664.5100
331.5000 664.5930
332.5000 664.7040
333.5000 664.7451
334.5000 664.9371
335.5000 665.0669
336.5000 664.5540
337.5000 664.0950
338.5000 663.6410
339.5000 663.1630
340.5000 662.9470
341.5000 662.7230
342.5000 662.5510
343.5000 662.3200
344.5000 662.1250
345.5000 661.9140
346.5000 661.7270
347.5000 661.5300
348.5000 661.3370
349.5000 661.0380
350.5000 660.8810
351.5000 660.8010
352.5000 660.5911
353.5000 660.4930
354.5000 660.2570
355.5000 660.0250
356.5000 659.7520
357.5000 659.5650
358.5000 659.2759
359.5000 658.6200
360.5000 657.9070
361.5000 657.0860
362.5000 656.2460
363.5000 655.5322
364.5000 655.7980
365.5000 655.9401
366.5000 656.1959
367.5000 656.0341
368.5000 655.8720
369.5000 655.6550
370.5000 655.4860
371.5000 655.3450
372.5000 655.0951
373.5000 655.1078
374.5000 654.3850
375.5000 653.6920
376.5000 653.2319
377.5000 652.6220
378.5000 652.0940
379.5000 651.8040
380.5000 651.4730
381.5000 651.1550
382.5000 650.9620
383.5000 650.6760
384.5000 650.3620
385.5000 650.1350
386.5000 649.8630
387.5000 649.6270
388.5000 649.4190
389.5000 649.2040
390.5000 649.0040
391.5000 648.7410
392.5000 648.6030
393.5000 648.4490
394.5000 648.2790
395.5000 648.1151
396.5000 648.5380
397.5000 648.8771
398.5000 649.3190
399.5000 649.7290
400.5000 650.1320
401.5000 650.5170
402.5000 650.9410
403.5000 651.3860
404.5000 651.4940
405.5000 651.5680
406.5000 651.6161
407.5000 651.7259
408.5000 651.1360
409.5000 650.5530
410.5000 649.9990
411.5000 649.4481
412.5000 649.6240
413.5000 649.8210
414.5000 650.0330
415.5000 650.2360
416.5000 650.4210
417.5000 650.6661
418.5000 651.1490
419.5000 651.6180
420.5000 652.1281
421.5000 652.6411
422.5000 653.1320
423.5000 653.1620
424.5000 653.1930
425.5000 653.2640
426.5000 653.3460
427.5000 653.4901
428.5000 653.5850
429.5000 653.6130
430.5000 653.8570
431.5000 654.0831
432.5000 654.3410
433.5000 654.6051
434.5000 654.9199
435.5000 654.6721
436.5000 654.4380
437.5000 654.2270
438.5000 654.0440
439.5000 653.8010
440.5000 653.2950
441.5000 652.7990
442.5000 652.3070
443.5000 651.8520
444.5000 651.3961
445.5000 651.4080
446.5000 651.3920
447.5000 651.4490
448.5000 651.4771
449.5000 651.6070
450.5000 651.6090
451.5000 651.5120
452.5000 651.4700
453.5000 651.4130
454.5000 651.4840
455.5000 651.5410
456.5000 651.6260
457.5000 651.7170
458.5000 651.8670
459.5000 651.9340
460.5000 652.0440
461.5000 652.1480
462.5000 652.2460
463.5000 652.3500
464.5000 652.4620
465.5000 652.5790
466.5000 652.6620
467.5000 652.7690
468.5000 652.8880
469.5000 653.0670
470.5000 653.1910
471.5000 653.2950
472.5000 653.4160
473.5000 653.5240
474.5000 653.5840
475.5000 653.6650
476.5000 653.8340
477.5000 653.9070
478.5000 654.0320
479.5000 654.1520
480.5000 654.1820
481.5000 654.3460
482.5000 654.5110
483.5000 654.6190
484.5000 654.7000
485.5000 654.8230
486.5000 654.8970
487.5000 654.9540
488.5000 655.0440
489.5000 655.0551
490.5000 655.1570
491.5000 655.2680
492.5000 655.3220
493.5000 655.4480
494.5000 655.5130
495.5000 655.5680
496.5000 655.6250
497.5000 655.7230
498.5000 655.6721
499.5000 655.7680
500.5000 655.8770
501.5000 655.9990
502.5000 656.0420
503.5000 656.2020
504.5000 656.3470
505.5000 656.3440
506.5000 656.4210
507.5000 656.5200
508.5000 656.6910
509.5000 656.8380
510.5000 657.0300
511.5000 657.3500
512.5000 657.5350
513.5000 657.7880
514.5000 657.8990
515.5000 657.9860
516.5000 658.1101
517.5000 658.8790
518.5000 659.7300
519.5000 660.5061
520.5000 661.3679
521.5000 661.6320
522.5000 661.9330
523.5000 662.2270
524.5000 662.4781
525.5000 662.9530
526.5000 663.2840
527.5000 663.5471
528.5000 663.9520
529.5000 664.2211
530.5000 664.5960
531.5000 664.9550
532.5000 665.3171
533.5000 665.8550
534.5000 666.3781
535.5000 666.9650
536.5000 667.5740
537.5000 668.0310
538.5000 668.3420
539.5000 668.5660
540.5000 668.9050
541.5000 669.1440
542.5000 669.4500
543.5000 669.3550
544.5000 669.3740
545.5000 669.4470
546.5000 669.2570
547.5000 669.1642
548.5000 670.2161
549.5000 671.5310
550.5000 672.7001
551.5000 673.9298
552.5000 674.1231
553.5000 674.5820
554.5000 674.9830
555.5000 675.4310
556.5000 675.8340
557.5000 676.2000
558.5000 676.5681
559.5000 676.9579
560.5000 677.0210
561.5000 677.0610
562.5000 677.0930
563.5000 677.1931
564.5000 677.2999
565.5000 676.6750
566.5000 676.1030
567.5000 675.5530
568.5000 675.0231
569.5000 675.3099
570.5000 675.4830
571.5000 675.6650
572.5000 675.7370
573.5000 675.8500
574.5000 675.9871
575.5000 676.3430
576.5000 676.6541
577.5000 677.0000
578.5000 677.1551
579.5000 677.5210
580.5000 677.7141
581.5000 677.9039
582.5000 677.7130
583.5000 677.4610
584.5000 677.1840
585.5000 676.9130
586.5000 676.6229
587.5000 675.9050
588.5000 675.1840
589.5000 674.4570
590.5000 673.7471
591.5000 673.5740
592.5000 673.3730
593.5000 673.1940
594.5000 673.0080
595.5000 672.7930
596.5000 672.5810
597.5000 672.5480
598.5000 672.4540
599.5000 672.3540
600.5000 672.2230
601.5000 672.1110
602.5000 671.9810
603.5000 671.7710
604.5000 671.5160
605.5000 671.2920
606.5000 671.0740
607.5000 670.7630
608.5000 670.5450
609.5000 670.2930
610.5000 670.0031
611.5000 669.8650
612.5000 669.6550
613.5000 669.5410
614.5000 669.4180
615.5000 669.2249
616.5000 668.7590
617.5000 668.3240
618.5000 667.8040
619.5000 667.3839
620.5000 666.8961
621.5000 666.8910
622.5000 666.8670
623.5000 666.8030
624.5000 666.7500
625.5000 666.7310
626.5000 666.6900
627.5000 666.6620
628.5000 666.6360
629.5000 666.6090
630.5000 666.5670
631.5000 666.5670
632.5000 666.5270
633.5000 666.3700
634.5000 666.2740
635.5000 666.4800
636.5000 666.5150
637.5000 666.6770
638.5000 666.8320
639.5000 666.9150
640.5000 667.0730
641.5000 667.1180
642.5000 667.2110
643.5000 667.3410
644.5000 667.4620
645.5000 667.5669
646.5000 667.1160
647.5000 666.7200
648.5000 666.3040
649.5000 665.8630
650.5000 665.4380
651.5000 665.0200
652.5000 664.6140
653.5000 664.2440
654.5000 663.8820
655.5000 663.4320
656.5000 663.0660
657.5000 663.0150
658.5000 662.7390
659.5000 662.5020
660.5000 662.2910
661.5000 662.1431
662.5000 662.1769
663.5000 661.9510
664.5000 661.7440
665.5000 661.3940
666.5000 661.2189
667.5000 661.0671
668.5000 661.5150
669.5000 661.7460
670.5000 662.0830
671.5000 662.3820
672.5000 662.6380
673.5000 662.7020
674.5000 662.6480
675.5000 662.6460
676.5000 662.5420
677.5000 662.5151
678.5000 662.9740
679.5000 663.4821
680.5000 664.1520
681.5000 664.7670
682.5000 664.9480
683.5000 665.0910
684.5000 665.3010
685.5000 665.5840
686.5000 665.9420
687.5000 666.3141
688.5000 666.7990
689.5000 666.8051
690.5000 666.8290
691.5000 666.8690
692.5000 666.9900
693.5000 667.1080
694.5000 667.2420
695.5000 667.1540
696.5000 666.9880
697.5000 666.9060
698.5000 666.7910
699.5000 666.6650
700.5000 666.5341
701.5000 666.4240
702.5000 666.3031
703.5000 666.6680
704.5000 667.0571
705.5000 667.4340
706.5000 667.8221
707.5000 668.1928
708.5000 668.5395
709.5000 671.2180
710.5000 673.9313
711.5000 676.6406
712.5000 676.6371
713.5000 676.6710
714.5000 676.7090
715.5000 676.7610
716.5000 676.7820
717.5000 676.8650
718.5000 676.8860
719.5000 676.8430
720.5000 676.6810
721.5000 676.5140
722.5000 676.3781
723.5000 676.3230
724.5000 676.1680
725.5000 676.0340
726.5000 675.8870
727.5000 675.6680
728.5000 675.4400
729.5000 675.2679
730.5000 675.0010
731.5000 674.8820
732.5000 674.5960
733.5000 674.4030
734.5000 674.2710
735.5000 674.1510
736.5000 674.0350
737.5000 673.9139
738.5000 673.2870
739.5000 672.6840
740.5000 672.1390
741.5000 671.5550
742.5000 671.0500
743.5000 670.5240
744.5000 669.9820
745.5000 669.4850
746.5000 669.0490
747.5000 668.6030
748.5000 668.1620
749.5000 667.6890
750.5000 667.1629
751.5000 666.5392
752.5000 666.8880
753.5000 667.2520
754.5000 667.4630
755.5000 667.8340
756.5000 668.0869
757.5000 667.7400
758.5000 667.2640
759.5000 666.9210
760.5000 666.5180
761.5000 666.0989
762.5000 665.4960
763.5000 664.8910
764.5000 664.3290
765.5000 663.6690
766.5000 663.1110
767.5000 662.8930
768.5000 662.6760
769.5000 662.4470
770.5000 662.2330
771.5000 662.0910
772.5000 661.9770
773.5000 661.8480
774.5000 661.7330
775.5000 661.6090
776.5000 661.4980
777.5000 661.4060
778.5000 661.3720
779.5000 661.3930
780.5000 661.4370
781.5000 661.4940
782.5000 661.5730
783.5000 661.6590
784.5000 661.6780
785.5000 661.6251
786.5000 661.6849
787.5000 661.4240
788.5000 661.1700
789.5000 660.8330
790.5000 660.6149
791.5000 660.2132
792.5000 661.1640
793.5000 662.0851
794.5000 662.9880
795.5000 663.8671
796.5000 665.0139
797.5000 665.3810
798.5000 665.7800
799.5000 666.2260
800.5000 666.5920
801.5000 666.9990
802.5000 666.8770
803.5000 666.7770
804.5000 666.7330
805.5000 666.5200
806.5000 666.2020
807.5000 665.9550
808.5000 665.8830
809.5000 665.7870
810.5000 665.5220
811.5000 665.3540
812.5000 665.2520
813.5000 665.1479
814.5000 664.8981
815.5000 664.9180
816.5000 664.9811
817.5000 665.6160
818.5000 666.2950
819.5000 666.9460
820.5000 667.7012
821.5000 668.5428
822.5000 668.1000
823.5000 667.7290
824.5000 667.3460
825.5000 666.9720
826.5000 666.6171
827.5000 666.5940
828.5000 666.5640
829.5000 666.5350
830.5000 666.5030
831.5000 666.4740
832.5000 666.4350
833.5000 666.3970
834.5000 666.3530
835.5000 666.4830
836.5000 666.6320
837.5000 666.7640
838.5000 666.8980
839.5000 667.0289
840.5000 667.1672
841.5000 668.2770
842.5000 669.3801
843.5000 670.4810
844.5000 671.5861
845.5000 672.6898
846.5000 672.7471
847.5000 672.7960
848.5000 672.8490
849.5000 672.8990
850.5000 672.9401
851.5000 673.5520
852.5000 674.1301
853.5000 674.7430
854.5000 675.3411
855.5000 675.9829
856.5000 675.9500
857.5000 675.9340
858.5000 675.9180
859.5000 675.7321
860.5000 676.0920
861.5000 676.4640
862.5000 676.6700
863.5000 676.6950
864.5000 676.6130
865.5000 676.5279
866.5000 675.8710
867.5000 675.1440
868.5000 674.6030
869.5000 673.8670
870.5000 673.2060
871.5000 672.6650
872.5000 672.3730
873.5000 671.9780
874.5000 671.8370
875.5000 671.6310
876.5000 671.5620
877.5000 671.6260
878.5000 671.5250
879.5000 671.6640
880.5000 671.8890
881.5000 672.1360
882.5000 672.2650
883.5000 672.4041
884.5000 672.7800
885.5000 672.8941
886.5000 673.4480
887.5000 673.8281
888.5000 674.2420
889.5000 674.5801
890.5000 675.0100
891.5000 675.4431
892.5000 675.8220
893.5000 676.1730
894.5000 676.5210
895.5000 676.8041
896.5000 677.6730
897.5000 678.5430
898.5000 679.3450
899.5000 680.1520
900.5000 681.0411
901.5000 681.8277
902.5000 680.6019
903.5000 679.1800
904.5000 677.8229
905.5000 676.5841
906.5000 676.0820
907.5000 675.6220
908.5000 675.2200
909.5000 674.8010
910.5000 674.3231
911.5000 674.1300
912.5000 673.9340
913.5000 673.7510
914.5000 673.5440
915.5000 673.4550
916.5000 673.3950
917.5000 673.3700
918.5000 673.3200
919.5000 673.3220
920.5000 673.2940
921.5000 673.2130
922.5000 673.2350
923.5000 673.2250
924.5000 673.2580
925.5000 673.2630
926.5000 673.3320
927.5000 673.3580
928.5000 673.4030
929.5000 673.4610
930.5000 673.5190
931.5000 673.6011
932.5000 673.9470
933.5000 674.2850
934.5000 674.6250
935.5000 674.9871
936.5000 675.3360
937.5000 675.4481
938.5000 675.5720
939.5000 675.6980
940.5000 675.8311
941.5000 675.9990
942.5000 676.1630
943.5000 676.3470
944.5000 676.5120
945.5000 676.7310
946.5000 676.9670
947.5000 677.2920
948.5000 677.5690
949.5000 677.8650
950.5000 677.9940
951.5000 678.1560
952.5000 678.3360
953.5000 678.5210
954.5000 678.6550
955.5000 678.8810
956.5000 679.0840
957.5000 679.2950
958.5000 679.5420
959.5000 679.7540
960.5000 679.9351
961.5000 680.0870
962.5000 679.9200
963.5000 679.7920
964.5000 679.6381
965.5000 679.5870
966.5000 679.4891
967.5000 680.0320
968.5000 680.5981
969.5000 681.1950
970.5000 681.8270
971.5000 682.5941
972.5000 683.4419
973.5000 683.3971
974.5000 683.4630
975.5000 683.4040
976.5000 683.2482
977.5000 683.9880
978.5000 684.5031
979.5000 685.0960
980.5000 685.7531
981.5000 686.3130
982.5000 686.7280
983.5000 686.6410
984.5000 686.2990
985.5000 686.0369
986.5000 685.6532
987.5000 686.5340
988.5000 687.2131
989.5000 687.9860
990.5000 688.6631
991.5000 689.3961
992.5000 690.1090
993.5000 690.6611
994.5000 691.4310
995.5000 692.2400
996.5000 692.6490
997.5000 692.9570
998.5000 693.3190
999.5000 693.6880
1000.5000 694.0521
1001.5000 694.6970
1002.5000 695.3260
1003.5000 696.0140
1004.5000 696.6050
1005.5000 697.1860
1006.5000 697.8110
1007.5000 698.4090
1008.5000 698.6891
1009.5000 699.0280
1010.5000 699.2881
1011.5000 699.6509
1012.5000 699.7010
1013.5000 699.8580
1014.5000 699.9089
1015.5000 699.7471
1016.5000 699.7299
1017.5000 699.2460
1018.5000 699.0441
1019.5000 699.0129
1020.5000 698.6900
1021.5000 698.3220
1022.5000 698.0660
1023.5000 697.8990
1024.5000 697.4310
1025.5000 696.7550
1026.5000 696.3431
1027.5000 696.5300
1028.5000 696.7560
1029.5000 696.9141
1030.5000 697.1260
1031.5000 697.4052
1032.5000 698.2430
1033.5000 699.1241
1034.5000 699.9780
1035.5000 700.5191
1036.5000 701.4150
1037.5000 702.0230
1038.5000 702.5041
1039.5000 703.1170
1040.5000 703.6361
1041.5000 704.4150
1042.5000 704.8490
1043.5000 705.0441
1044.5000 705.3350
1045.5000 705.4950
1046.5000 705.5250
1047.5000 705.5480
1048.5000 705.4709
1049.5000 705.1430
1050.5000 704.7900
1051.5000 704.4300
1052.5000 703.9850
1053.5000 703.4340
1054.5000 702.7890
1055.5000 702.3130
1056.5000 701.7380
1057.5000 701.2010
1058.5000 700.6130
1059.5000 700.0629
1060.5000 699.4011
1061.5000 699.1179
1062.5000 698.3680
1063.5000 697.5991
1064.5000 697.3379
1065.5000 696.6411
1066.5000 696.2241
1067.5000 696.0539
1068.5000 695.4771
1069.5000 695.1639
1070.5000 694.9191
1071.5000 695.0669
1072.5000 694.8111
1073.5000 694.9870
1074.5000 695.0670
1075.5000 695.0079
1076.5000 694.7571
1077.5000 694.8071
1078.5000 695.1840
1079.5000 695.3311
1080.5000 695.6210
1081.5000 695.8009
1082.5000 695.4471
1083.5000 695.4309
1084.5000 695.1351
1085.5000 695.0599
1086.5000 694.7411
1087.5000 694.6640
1088.5000 694.4690
1089.5000 694.0700
1090.5000 693.9700
1091.5000 694.0810
1092.5000 694.0620
1093.5000 694.1030
1094.5000 694.0970
1095.5000 694.3660
1096.5000 694.7220
1097.5000 695.1640
1098.5000 695.6050
1099.5000 696.0280
1100.5000 696.4460
1101.5000 696.8950
1102.5000 697.3571
1103.5000 697.7991
1104.5000 698.2700
1105.5000 698.7601
1106.5000 699.3090
1107.5000 699.7850
1108.5000 700.2010
1109.5000 700.4951
1110.5000 700.9520
1111.5000 701.3470
1112.5000 701.6271
1113.5000 702.1210
1114.5000 702.5380
1115.5000 702.9400
1116.5000 703.3060
1117.5000 703.7980
1118.5000 704.2480
1119.5000 704.6850
1120.5000 705.1110
1121.5000 705.5380
1122.5000 705.9490
1123.5000 706.4550
1124.5000 706.9531
1125.5000 707.4920
1126.5000 708.0110
1127.5000 708.5591
1128.5000 709.1810
1129.5000 709.7681
1130.5000 710.3540
1131.5000 710.8821
1132.5000 711.4040
1133.5000 711.7130
1134.5000 712.0120
1135.5000 712.2430
1136.5000 712.5010
1137.5000 712.7391
1138.5000 713.2170
1139.5000 713.6851
1140.5000 714.2000
1141.5000 714.7111
1142.5000 715.1990
1143.5000 715.4841
1144.5000 715.7610
1145.5000 715.9871
1146.5000 716.2159
1147.5000 716.1801
1148.5000 716.1730
1149.5000 716.1610
1150.5000 716.1340
1151.5000 716.1460
1152.5000 716.1081
1153.5000 716.3870
1154.5000 716.6810
1155.5000 716.9180
1156.5000 717.1791
1157.5000 717.4158
1158.5000 716.7180
1159.5000 716.0179
1160.5000 715.2729
1161.5000 714.4622
1162.5000 714.4910
1163.5000 714.5460
1164.5000 714.6180
1165.5000 714.7250
1166.5000 714.8260
1167.5000 714.9170
1168.5000 714.9830
1169.5000 715.0000
1170.5000 715.0570
1171.5000 715.1290
1172.5000 715.1180
1173.5000 715.2450
1174.5000 715.3160
1175.5000 715.3830
1176.5000 715.4050
1177.5000 715.4249
1178.5000 715.0440
1179.5000 714.6510
1180.5000 714.2570
1181.5000 713.8290
1182.5000 713.3671
1183.5000 713.2200
1184.5000 713.0680
1185.5000 712.9180
1186.5000 712.6890
1187.5000 712.1700
1188.5000 711.6770
1189.5000 711.1580
1190.5000 710.6600
1191.5000 710.1790
1192.5000 709.6780
1193.5000 709.2120
1194.5000 708.7721
1195.5000 708.9250
1196.5000 709.0470
1197.5000 709.1940
1198.5000 709.3380
1199.5000 709.4600
1200.5000 709.1510
1201.5000 708.8370
1202.5000 708.5240
1203.5000 708.2030
1204.5000 707.8080
1205.5000 707.4230
1206.5000 706.9740
1207.5000 706.5080
1208.5000 706.0350
1209.5000 705.5050
1210.5000 704.9310
1211.5000 704.3010
1212.5000 703.6590
1213.5000 703.1230
1214.5000 702.5220
1215.5000 702.0270
1216.5000 701.4510
1217.5000 700.8030
1218.5000 700.0710
1219.5000 699.4900
1220.5000 698.8340
1221.5000 698.0290
1222.5000 697.3270
1223.5000 696.6840
1224.5000 696.0760
1225.5000 695.7140
1226.5000 695.4250
1227.5000 695.1280
1228.5000 694.8141
1229.5000 694.8180
1230.5000 694.8980
1231.5000 694.9059
1232.5000 694.8271
1233.5000 695.0520
1234.5000 695.2241
1235.5000 695.5460
1236.5000 695.8129
1237.5000 695.6010
1238.5000 695.2690
1239.5000 695.1320
1240.5000 695.0350
1241.5000 695.0090
1242.5000 694.9440
1243.5000 694.9080
1244.5000 695.1290
1245.5000 695.4290
1246.5000 695.4340
1247.5000 695.5130
1248.5000 695.5070
1249.5000 695.4329
1250.5000 695.1992
1251.5000 695.4359
1252.5000 695.2220
1253.5000 695.0820
1254.5000 694.9581
1255.5000 695.0320
1256.5000 695.1591
1257.5000 695.4641
1258.5000 696.0900
1259.5000 696.6760
1260.5000 697.1181
1261.5000 697.7440
1262.5000 698.4120
1263.5000 699.1440
1264.5000 699.8911
1265.5000 700.8398
1266.5000 700.7791
1267.5000 700.6890
1268.5000 700.6201
1269.5000 700.6580
1270.5000 700.7350
1271.5000 700.6620
1272.5000 700.8040
1273.5000 700.9110
1274.5000 700.9761
1275.5000 701.7270
1276.5000 702.4590
1277.5000 703.2470
1278.5000 703.9661
1279.5000 704.7139
1280.5000 704.9241
1281.5000 705.3621
1282.5000 705.9990
1283.5000 706.4220
1284.5000 706.8411
1285.5000 707.7090
1286.5000 708.1310
1287.5000 708.4980
1288.5000 708.9160
1289.5000 709.3440
1290.5000 709.5441
1291.5000 709.9560
1292.5000 710.2371
1293.5000 710.7040
1294.5000 711.3950
1295.5000 712.0140
1296.5000 712.5211
1297.5000 713.3510
1298.5000 713.5341
1299.5000 714.2179
1300.5000 714.2571
1301.5000 714.5490
1302.5000 714.7730
1303.5000 714.9070
1304.5000 714.9390
1305.5000 714.8699
1306.5000 714.1490
1307.5000 713.4680
1308.5000 712.7300
1309.5000 712.0150
1310.5000 711.2541
1311.5000 711.0180
1312.5000 710.7660
1313.5000 710.5080
1314.5000 710.2410
1315.5000 709.9539
1316.5000 709.0670
1317.5000 708.2010
1318.5000 707.3229
1319.5000 706.3511
1320.5000 705.9850
1321.5000 705.6480
1322.5000 705.2910
1323.5000 704.9540
1324.5000 704.6200
1325.5000 704.3290
1326.5000 704.0430
1327.5000 703.5350
1328.5000 703.0410
1329.5000 702.5410
1330.5000 701.9991
1331.5000 701.8610
1332.5000 701.6550
1333.5000 701.4070
1334.5000 701.2440
1335.5000 701.0240
1336.5000 700.6720
1337.5000 700.4140
1338.5000 700.2089
1339.5000 699.8441
1340.5000 699.6019
1341.5000 699.1680
1342.5000 698.9610
1343.5000 698.7771
1344.5000 698.7679
1345.5000 698.3350
1346.5000 697.9910
1347.5000 697.6190
1348.5000 697.2710
1349.5000 696.9249
1350.5000 696.5432
1351.5000 697.1750
1352.5000 697.8330
1353.5000 698.4611
1354.5000 699.1450
1355.5000 699.2631
1356.5000 699.3500
1357.5000 699.4130
1358.5000 699.5320
1359.5000 699.6230
1360.5000 699.7661
1361.5000 699.9090
1362.5000 699.9560
1363.5000 700.0060
1364.5000 700.0810
1365.5000 700.1260
1366.5000 700.1790
1367.5000 700.3040
1368.5000 700.4330
1369.5000 700.5450
1370.5000 700.6561
1371.5000 700.8580
1372.5000 700.6890
1373.5000 700.5460
1374.5000 700.4160
1375.5000 700.2900
1376.5000 700.1590
1377.5000 700.0830
1378.5000 700.0350
1379.5000 700.0040
1380.5000 699.9810
1381.5000 699.9590
1382.5000 700.0660
1383.5000 700.1740
1384.5000 700.2830
1385.5000 700.3911
1386.5000 700.5229
1387.5000 700.4220
1388.5000 700.3170
1389.5000 700.2240
1390.5000 700.1120
1391.5000 699.9600
1392.5000 699.8510
1393.5000 699.7310
1394.5000 699.5180
1395.5000 699.3160
1396.5000 699.1200
1397.5000 698.9380
1398.5000 698.7630
1399.5000 698.5421
1400.5000 698.5660
1401.5000 698.6000
1402.5000 698.4390
1403.5000 698.3340
1404.5000 698.3110
1405.5000 698.3601
1406.5000 698.9120
1407.5000 699.3900
1408.5000 699.7640
1409.5000 700.2111
1410.5000 700.6169
1411.5000 700.8401
1412.5000 701.1349
1413.5000 701.2981
1414.5000 701.6089
1415.5000 701.8091
1416.5000 702.5389
1417.5000 702.6710
1418.5000 702.6860
1419.5000 702.6310
1420.5000 702.3610
1421.5000 701.9920
1422.5000 701.7090
1423.5000 701.6971
1424.5000 701.8619
1425.5000 701.7641
1426.5000 701.9849
1427.5000 701.7161
1428.5000 701.3149
1429.5000 700.5931
1430.5000 700.1318
1431.5000 699.4432
1432.5000 699.9599
1433.5000 700.1561
1434.5000 700.6350
1435.5000 701.2220
1436.5000 701.8040
1437.5000 701.9000
1438.5000 701.9660
1439.5000 702.0720
1440.5000 702.2750
1441.5000 702.6591
1442.5000 703.1530
1443.5000 703.5001
1444.5000 703.8620
1445.5000 704.1300
1446.5000 704.4510
1447.5000 704.7859
1448.5000 704.8100
1449.5000 704.7680
1450.5000 704.7320
1451.5000 704.6279
1452.5000 704.3541
1453.5000 704.5110
1454.5000 704.6380
1455.5000 704.6190
1456.5000 704.5740
1457.5000 704.5340
1458.5000 704.4960
1459.5000 704.4460
1460.5000 704.4290
1461.5000 704.6060
1462.5000 704.7640
1463.5000 704.8850
1464.5000 704.9871
1465.5000 705.1810
1466.5000 705.3200
1467.5000 705.5210
1468.5000 705.6870
1469.5000 705.8861
1470.5000 706.5580
1471.5000 707.2701
1472.5000 708.0720
1473.5000 708.8670
1474.5000 709.5150
1475.5000 709.9901
1476.5000 710.5110
1477.5000 710.9540
1478.5000 711.5060
1479.5000 712.1360
1480.5000 712.3801
1481.5000 712.8760
1482.5000 713.2000
1483.5000 713.3029
1484.5000 713.2742
1485.5000 714.6660
1486.5000 716.0841
1487.5000 717.6461
1488.5000 718.8969
1489.5000 718.5621
1490.5000 718.3990
1491.5000 718.2450
1492.5000 718.0510
1493.5000 717.8480
1494.5000 717.7850
1495.5000 717.7172
1496.5000 718.4290
1497.5000 719.1450
1498.5000 719.7620
1499.5000 720.4050
1500.5000 720.9060
1501.5000 721.4301
1502.5000 721.9930
1503.5000 722.5500
1504.5000 723.1590
1505.5000 723.7101
1506.5000 724.2950
1507.5000 724.6970
1508.5000 725.0750
1509.5000 725.2810
1510.5000 725.5060
1511.5000 725.8160
1512.5000 726.1260
1513.5000 726.4221
1514.5000 726.7440
1515.5000 727.0120
1516.5000 727.2960
1517.5000 727.5870
1518.5000 727.8101
1519.5000 728.1191
1520.5000 728.4600
1521.5000 728.7471
1522.5000 729.4310
1523.5000 730.1130
1524.5000 730.7830
1525.5000 731.4020
1526.5000 732.0210
1527.5000 732.4200
1528.5000 732.7930
1529.5000 733.1331
1530.5000 733.5081
1531.5000 733.8220
1532.5000 733.7120
1533.5000 733.5560
1534.5000 733.4220
1535.5000 733.1810
1536.5000 732.9550
1537.5000 732.6321
1538.5000 732.6320
1539.5000 732.6340
1540.5000 732.4401
1541.5000 732.1769
1542.5000 731.3620
1543.5000 730.6180
1544.5000 729.8940
1545.5000 729.3450
1546.5000 728.9140
1547.5000 728.5660
1548.5000 728.4269
1549.5000 728.2181
1550.5000 728.4280
1551.5000 728.5638
1552.5000 727.3850
1553.5000 726.0129
1554.5000 724.3900
1555.5000 722.6679
1556.5000 721.0271
1557.5000 720.0769
1558.5000 719.1110
1559.5000 718.1700
1560.5000 717.2659
1561.5000 716.3210
1562.5000 715.5959
1563.5000 714.8799
1564.5000 714.1290
1565.5000 713.3600
1566.5000 712.6170
1567.5000 711.9460
1568.5000 711.2760
1569.5000 710.5950
1570.5000 709.8820
1571.5000 709.2040
1572.5000 708.8630
1573.5000 708.4880
1574.5000 708.2319
1575.5000 707.7590
1576.5000 707.2630
1577.5000 706.7840
1578.5000 706.4160
1579.5000 706.0160
1580.5000 705.6560
1581.5000 705.2859
1582.5000 704.8020
1583.5000 704.2200
1584.5000 703.6300
1585.5000 703.0830
1586.5000 702.5560
1587.5000 702.2090
1588.5000 701.8910
1589.5000 701.6060
1590.5000 701.3720
1591.5000 701.1591
1592.5000 701.4470
1593.5000 701.9961
1594.5000 702.9711
1595.5000 704.1241
1596.5000 705.2821
1597.5000 706.5640
1598.5000 707.3200
1599.5000 707.7891
1600.5000 708.3929
1601.5000 708.5071
1602.5000 708.7510
1603.5000 708.8930
1604.5000 708.9720
1605.5000 708.9980
1606.5000 709.0300
1607.5000 709.0380
1608.5000 708.9550
1609.5000 708.8790
1610.5000 708.8320
1611.5000 708.7820
1612.5000 708.7950
1613.5000 708.6720
1614.5000 708.6540
1615.5000 708.5660
1616.5000 708.4951
1617.5000 708.5209
1618.5000 708.2511
1619.5000 708.3080
1620.5000 708.3370
1621.5000 708.4320
1622.5000 708.6790
1623.5000 708.9570
1624.5000 709.0050
1625.5000 709.0890
1626.5000 709.1420
1627.5000 709.2040
1628.5000 709.2830
1629.5000 709.3870
1630.5000 709.4550
1631.5000 709.5760
1632.5000 709.6401
1633.5000 710.1560
1634.5000 710.7230
1635.5000 711.2420
1636.5000 711.7691
1637.5000 712.3018
1638.5000 711.7690
1639.5000 711.0490
1640.5000 710.2220
1641.5000 709.3279
1642.5000 708.6782
1643.5000 709.0900
1644.5000 709.5770
1645.5000 710.0390
1646.5000 710.4351
1647.5000 710.8700
1648.5000 711.2961
1649.5000 711.9561
1650.5000 712.5740
1651.5000 713.0150
1652.5000 713.3860
1653.5000 713.5500
1654.5000 713.6580
1655.5000 713.8130
1656.5000 713.7350
1657.5000 713.8460
1658.5000 713.9380
1659.5000 713.9510
1660.5000 714.0260
1661.5000 714.0510
1662.5000 713.8400
1663.5000 713.4169
1664.5000 712.4150
1665.5000 711.5870
1666.5000 710.8539
1667.5000 709.8350
1668.5000 709.2260
1669.5000 708.7680
1670.5000 708.5000
1671.5000 708.3820
1672.5000 708.3280
1673.5000 708.3090
1674.5000 708.2580
1675.5000 708.1520
1676.5000 708.1300
1677.5000 708.0860
1678.5000 708.0950
1679.5000 708.0350
1680.5000 707.8590
1681.5000 707.7510
1682.5000 707.6370
1683.5000 707.5570
1684.5000 707.5150
1685.5000 707.4520
1686.5000 707.4310
1687.5000 707.2370
1688.5000 707.0400
1689.5000 706.9920
1690.5000 706.9820
1691.5000 707.0010
1692.5000 707.0360
1693.5000 707.0600
1694.5000 706.9810
1695.5000 706.8140
1696.5000 706.5510
1697.5000 706.3350
1698.5000 706.0350
1699.5000 705.8281
1700.5000 706.0540
1701.5000 706.2470
1702.5000 706.3750
1703.5000 706.4910
1704.5000 706.6021
1705.5000 706.8570
1706.5000 707.0230
1707.5000 707.0680
1708.5000 706.9670
1709.5000 706.8830
1710.5000 706.7900
1711.5000 706.5970
1712.5000 706.6310
1713.5000 706.6201
1714.5000 706.6700
1715.5000 706.6290
1716.5000 706.7290
1717.5000 706.8610
1718.5000 707.1740
1719.5000 707.5340
1720.5000 707.6310
1721.5000 707.5441
1722.5000 708.4482
1723.5000 710.3340
1724.5000 711.8641
1725.5000 713.0370
1726.5000 714.0312
1727.5000 715.5130
1728.5000 716.6720
1729.5000 717.8052
1730.5000 719.6420
1731.5000 721.3951
1732.5000 722.8849
1733.5000 723.5131
1734.5000 723.7629
1735.5000 723.0359
1736.5000 722.0431
1737.5000 721.6849
1738.5000 721.3781
1739.5000 721.6500
1740.5000 722.1611
1741.5000 723.1331
1742.5000 724.3751
1743.5000 725.9171
1744.5000 727.3000
1745.5000 728.6181
1746.5000 729.7049
1747.5000 729.8321
1748.5000 730.2331
1749.5000 730.9770
1750.5000 731.4060
1751.5000 731.8382
1752.5000 732.9000
1753.5000 733.6340
1754.5000 734.2020
1755.5000 734.7361
1756.5000 735.4210
1757.5000 735.8930
1758.5000 736.2070
1759.5000 736.0989
1760.5000 735.4842
1761.5000 735.7630
1762.5000 736.3031
1763.5000 737.1810
1764.5000 738.1031
1765.5000 738.9860
1766.5000 739.8311
1767.5000 740.7290
1768.5000 741.2220
1769.5000 741.7471
1770.5000 742.3010
1771.5000 742.8712
1772.5000 744.0190
1773.5000 744.6630
1774.5000 744.8781
1775.5000 745.3671
1776.5000 746.0481
1777.5000 746.7369
1778.5000 746.7510
1779.5000 746.9070
1780.5000 747.2311
1781.5000 747.7661
1782.5000 748.2900
1783.5000 748.6270
1784.5000 748.9340
1785.5000 749.2520
1786.5000 749.5640
1787.5000 749.6691
1788.5000 750.1610
1789.5000 750.6470
1790.5000 751.1641
1791.5000 751.7081
1792.5000 752.2780
1793.5000 752.6821
1794.5000 753.2520
1795.5000 753.8411
1796.5000 754.5181
1797.5000 755.2560
1798.5000 756.1130
1799.5000 756.9421
1800.5000 757.7620
1801.5000 758.5840
1802.5000 759.5071
1803.5000 760.5081
1804.5000 761.5411
1805.5000 762.6711
1806.5000 763.7991
1807.5000 765.0221
1808.5000 766.3191
1809.5000 767.6551
1810.5000 769.1471
1811.5000 770.7180
1812.5000 772.2101
1813.5000 773.7010
1814.5000 774.8281
1815.5000 776.1400
1816.5000 777.3802
1817.5000 778.9910
1818.5000 780.3030
1819.5000 781.4260
1820.5000 782.4271
1821.5000 783.5681
1822.5000 784.9561
1823.5000 786.2211
1824.5000 787.4751
1825.5000 788.7141
1826.5000 789.8311
1827.5000 790.8701
1828.5000 791.9830
1829.5000 793.0001
1830.5000 793.9600
1831.5000 794.8101
1832.5000 795.5790
1833.5000 796.1241
1834.5000 797.0441
1835.5000 797.8310
1836.5000 798.1060
1837.5000 798.1160
1838.5000 797.9370
1839.5000 797.9221
1840.5000 798.3870
1841.5000 799.0601
1842.5000 800.0011
1843.5000 801.4922
1844.5000 803.6191
1845.5000 805.6651
1846.5000 807.2560
1847.5000 807.9370
1848.5000 808.0920
1849.5000 808.2150
1850.5000 808.2490
1851.5000 808.4141
1852.5000 809.1631
1853.5000 810.4041
1854.5000 811.7321
1855.5000 813.3320
1856.5000 814.7961
1857.5000 816.4521
1858.5000 818.3551
1859.5000 820.3961
1860.5000 822.3121
1861.5000 824.3992
1862.5000 827.0292
1863.5000 830.1662
1864.5000 833.6041
1865.5000 836.8942
1866.5000 840.3622
1867.5000 843.9951
1868.5000 847.2491
1869.5000 850.1301
1870.5000 852.4350
1871.5000 853.9930
1872.5000 855.2330
1873.5000 856.1682
1874.5000 857.8201
1875.5000 859.4691
1876.5000 860.8591
1877.5000 862.3791
1878.5000 864.1392
1879.5000 866.2831
1880.5000 868.6961
1881.5000 870.9841
1882.5000 873.2501
1883.5000 875.6031
1884.5000 878.1482
1885.5000 881.0251
1886.5000 883.8392
1887.5000 886.9331
1888.5000 889.9262
1889.5000 893.1562
1890.5000 896.3832
1891.5000 899.6663
1892.5000 903.5342
1893.5000 907.2741
1894.5000 910.4781
1895.5000 913.2260
1896.5000 914.7711
1897.5000 916.2743
1898.5000 919.0172
1899.5000 922.2812
1900.5000 925.5521
1901.5000 928.8004
1902.5000 932.7311
1903.5000 936.7834
1904.5000 942.1143
1905.5000 947.4433
1906.5000 953.0924
1907.5000 959.1561
1908.5000 964.0853
1909.5000 969.3984
1910.5000 974.7871
1911.5000 979.4653
1912.5000 983.6058
1913.5000 986.2423
1914.5000 988.6109
1915.5000 991.4611
1916.5000 998.4539
1917.5000 1003.5706
1918.5000 1010.1304
1919.5000 1017.6304
1920.5000 1025.0703
1921.5000 1032.1578
1922.5000 1038.9775
1923.5000 1044.9042
1924.5000 1049.2446
1925.5000 1051.9970
1926.5000 1053.6878
1927.5000 1056.1004
1928.5000 1060.7785
1929.5000 1066.6437
1930.5000 1072.4871
1931.5000 1077.4319
1932.5000 1081.9691
1933.5000 1086.6121
1934.5000 1091.7691
1935.5000 1096.9985
1936.5000 1101.7926
1937.5000 1106.2889
1938.5000 1110.8661
1939.5000 1116.5146
1940.5000 1120.1054
1941.5000 1123.4617
1942.5000 1128.1201
1943.5000 1132.5432
1944.5000 1136.1963
1945.5000 1139.4746
1946.5000 1143.8550
1947.5000 1149.6278
1948.5000 1155.4651
1949.5000 1160.1856
1950.5000 1164.0019
1951.5000 1168.8621
1952.5000 1174.7476
1953.5000 1183.5940
1954.5000 1194.5501
1955.5000 1206.8995
1956.5000 1221.1162
1957.5000 1235.3890
1958.5000 1247.1820
1959.5000 1256.9128
1960.5000 1263.9306
1961.5000 1270.4162
1962.5000 1283.1782
1963.5000 1300.5454
1964.5000 1316.9919
1965.5000 1330.7219
1966.5000 1342.3225
1967.5000 1354.9075
1968.5000 1371.6705
1969.5000 1389.8126
1970.5000 1410.8384
1971.5000 1430.8454
1972.5000 1448.6966
1973.5000 1462.7982
1974.5000 1476.4009
1975.5000 1491.9248
1976.5000 1509.2417
1977.5000 1527.7242
1978.5000 1546.8576
1979.5000 1566.0559
1980.5000 1584.7868
1981.5000 1602.4136
1982.5000 1618.4243
1983.5000 1632.2150
1984.5000 1643.6797
1985.5000 1655.9448
1986.5000 1669.0220
1987.5000 1683.1240
1988.5000 1694.1167
1989.5000 1705.6177
1990.5000 1717.3955
1991.5000 1729.1642
1992.5000 1739.1486
1993.5000 1743.4128
1994.5000 1748.7440
1995.5000 1754.6378
1996.5000 1757.4815
1997.5000 1762.0491
1998.5000 1770.1626
1999.5000 1777.1767
2000.5000 1777.8494
2001.5000 1777.0194
2002.5000 1779.2289
2003.5000 1783.0844
2004.5000 1784.0411
2005.5000 1783.4778
2006.5000 1784.1006
2007.5000 1789.4272
2008.5000 1797.6875
2009.5000 1802.3509
2010.5000 1807.7727
2011.5000 1812.6825
2012.5000 1815.8986
2013.5000 1822.7616
2014.5000 1831.6473
2015.5000 1841.8094
2016.5000 1853.2369
2017.5000 1873.5165
2018.5000 1889.8058
2019.5000 1905.4560
2020.5000 1921.4622
2021.5000 1937.7502
2022.5000 1954.3855
2023.5000 1971.4067
2024.5000 1988.8133
2025.5000 2006.5138
2026.5000 2024.5264
2027.5000 2042.8115
2028.5000 2061.3795
2029.5000 2080.1406
2030.5000 2099.1245
2031.5000 2118.2835
2032.5000 2137.5203
2033.5000 2156.6527
2034.5000 2175.7121
2035.5000 2194.6978
2036.5000 2213.6317
2037.5000 2232.4558
2038.5000 2251.2227
2039.5000 2269.9184
2040.5000 2288.5633
2041.5000 2307.1075
2042.5000 2325.6057
2043.5000 2344.0540
2044.5000 2362.4849
2045.5000 2380.8304
2046.5000 2399.1461
2047.5000 2417.4144
2048.5000 2435.6651
2049.5000 2453.8295
2050.5000 2471.9565
2051.5000 2490.0422
2052.5000 2508.1689
2053.5000 2526.3121
2054.5000 2544.5201
2055.5000 2562.7844
2056.5000 2581.1163
2057.5000 2599.4492
2058.5000 2617.8247
2059.5000 2636.2228
2060.5000 2646.2015
2061.5000 2645.9379
2062.5000 2645.4108
2063.5000 2644.6202
2064.5000 2643.5659
2065.5000 2642.2482
2066.5000 2640.6668
2067.5000 2638.8220
2068.5000 2636.7135
2069.5000 2634.3415
2070.5000 2631.7060
2071.5000 2628.8069
2072.5000 2625.6442
2073.5000 2622.2180
2074.5000 2618.5282
2075.5000 2614.5749
2076.5000 2610.3580
2077.5000 2605.8776
2078.5000 2601.1336
2079.5000 2596.1261
2080.5000 2590.8550
2081.5000 2585.3203
2082.5000 2579.5221
2083.5000 2573.4604
2084.5000 2567.1351
2085.5000 2560.5462
2086.5000 2553.6938
2087.5000 2546.5778
2088.5000 2539.1983
2089.5000 2531.5552
2090.5000 2523.6485
2091.5000 2515.4783
2092.5000 2507.0446
2093.5000 2498.3473
2094.5000 2489.3864
2095.5000 2480.1620
2096.5000 2470.6740
2097.5000 2460.9225
2098.5000 2450.9074
2099.5000 2440.6288
2100.5000 2430.0866
2101.5000 2419.2808
2102.5000 992.9728
2103.5000 990.0688
2104.5000 987.4728
2105.5000 985.1488
2106.5000 983.0688
2107.5000 981.2048
2108.5000 979.5338
2109.5000 978.0349
2110.5000 976.6889
2111.5000 975.4779
2112.5000 974.3869
2113.5000 973.4039
2114.5000 972.5159
2115.5000 971.7119
2116.5000 970.9819
2117.5000 970.3179
2118.5000 969.7119
2119.5000 969.1569
2120.5000 968.6469
2121.5000 968.1769
2122.5000 967.7399
2123.5000 967.3329
2124.5000 966.9519
2125.5000 966.5919
2126.5000 966.2519
2127.5000 965.9369
2128.5000 965.6459
2129.5000 965.3779
2130.5000 965.1289
2131.5000 964.8979
2132.5000 964.6829
2133.5000 964.4809
2134.5000 964.2899
2135.5000 964.1099
2136.5000 963.9379
2137.5000 963.7739
2138.5000 963.6149
2139.5000 963.4619
2140.5000 963.3119
2141.5000 963.1660
2142.5000 963.0219
2143.5000 962.8789
2144.5000 962.7349
2145.5000 962.5889
2146.5000 962.4389
2147.5000 962.2839
2148.5000 962.1209
2149.5000 961.9489
2150.5000 961.7679
2151.5000 961.5739
2152.5000 961.3669
2153.5000 961.1489
2154.5000 960.9239
2155.5000 960.6959
2156.5000 960.4659
2157.5000 960.2319
2158.5000 959.9929
2159.5000 959.7479
2160.5000 959.4949
2161.5000 959.2349
2162.5000 958.9659
2163.5000 958.6879
2164.5000 958.3989
2165.5000 958.0999
2166.5000 957.7889
2167.5000 957.4659
2168.5000 957.1309
2169.5000 956.7829
2170.5000 956.4219
2171.5000 956.0479
2172.5000 955.6599
2173.5000 955.2579
2174.5000 954.8429
2175.5000 954.4159
2176.5000 953.9769
2177.5000 953.5269
2178.5000 953.0669
2179.5000 952.5969
2180.5000 952.1179
2181.5000 951.6299
2182.5000 951.1339
2183.5000 950.6288
2184.5000 950.1169
2185.5000 949.5979
2186.5000 949.0709
2187.5000 948.5399
2188.5000 948.0069
2189.5000 947.4769
2190.5000 946.9509
2191.5000 946.4299
2192.5000 945.9139
2193.5000 945.4019
2194.5000 944.8929
2195.5000 944.3879
2196.5000 943.8859
2197.5000 943.3859
2198.5000 942.8879
2199.5000 942.3929
2200.5000 941.8989
2201.5000 941.4069
2202.5000 940.9149
2203.5000 940.4259
2204.5000 939.9369
2205.5000 939.4479
2206.5000 938.9609
2207.5000 938.4739
2208.5000 937.9869
2209.5000 937.5009
2210.5000 937.0139
2211.5000 936.5279
2212.5000 936.0419
2213.5000 935.5549
2214.5000 935.0689
2215.5000 934.5819
2216.5000 934.0939
2217.5000 933.6059
2218.5000 933.1179
2219.5000 932.6289
2220.5000 932.1389
2221.5000 931.6489
2222.5000 931.1569
2223.5000 930.6649
2224.5000 930.1719
2225.5000 929.6769
2226.5000 929.1819
2227.5000 928.6849
2228.5000 928.1869
2229.5000 927.6879
2230.5000 927.1869
2231.5000 926.6849
2232.5000 926.1809
2233.5000 925.6759
2234.5000 925.1678
2235.5000 924.6589
2236.5000 924.1479
2237.5000 923.6339
2238.5000 923.1188
2239.5000 922.6009
2240.5000 922.0809
2241.5000 921.5579
2242.5000 921.0319
2243.5000 920.5039
2244.5000 919.9749
2245.5000 919.4459
2246.5000 918.9169
2247.5000 918.3899
2248.5000 917.8649
2249.5000 917.3459
2250.5000 916.8319
2251.5000 916.3229
2252.5000 915.8419
2253.5000 915.4099
2254.5000 915.0229
2255.5000 914.6759
2256.5000 914.3639
2257.5000 914.0849
2258.5000 913.8349
2259.5000 913.6109
2260.5000 913.4099
2261.5000 913.2309
2262.5000 913.0699
2263.5000 912.9269
2264.5000 912.7979
2265.5000 912.6829
2266.5000 912.5809
2267.5000 912.4889
2268.5000 912.4079
2269.5000 912.3349
2270.5000 912.2700
2271.5000 912.2119
2272.5000 912.1599
2273.5000 912.1139
2274.5000 912.0729
2275.5000 912.0369
2276.5000 912.0049
2277.5000 911.9760
2278.5000 911.9499
2279.5000 911.9279
2280.5000 911.9079
2281.5000 911.8899
2282.5000 911.8739
2283.5000 911.8599
2284.5000 911.8469
2285.5000 911.8359
2286.5000 911.8259
2287.5000 911.8170
2288.5000 911.8089
2289.5000 911.8009
2290.5000 911.7949
2291.5000 911.7879
2292.5000 911.7829
2293.5000 911.7769
2294.5000 911.7729
2295.5000 911.7679
2296.5000 911.7629
2297.5000 911.7589
2298.5000 911.7549
2299.5000 911.7499
2300.5000 911.7459
2301.5000 911.7409
2302.5000 911.7369
2303.5000 911.7319
2304.5000 911.7269
2305.5000 911.7219
2306.5000 911.7169
2307.5000 911.7119
2308.5000 911.7059
2309.5000 911.6999
2310.5000 911.6929
2311.5000 911.6869
2312.5000 911.6799
2313.5000 911.6719
2314.5000 911.6639
2315.5000 911.6559
2316.5000 911.6469
2317.5000 911.6379
2318.5000 911.6279
2319.5000 911.6169
2320.5000 911.6060
2321.5000 911.5949
2322.5000 911.5829
2323.5000 911.5699
2324.5000 911.5569
2325.5000 911.5429
2326.5000 911.5279
2327.5000 911.5119
2328.5000 911.4959
2329.5000 911.4789
2330.5000 911.4609
2331.5000 911.4429
2332.5000 911.4229
2333.5000 911.4030
2334.5000 911.3809
2335.5000 911.3589
2336.5000 911.3359
2337.5000 911.3109
2338.5000 911.2849
2339.5000 911.2589
2340.5000 911.2309
2341.5000 911.2019
2342.5000 911.1709
2343.5000 911.1389
2344.5000 911.1059
2345.5000 911.0709
2346.5000 911.0349
2347.5000 910.9969
2348.5000 910.9579
2349.5000 910.9179
2350.5000 910.8789
2351.5000 910.8399
2352.5000 910.8029
2353.5000 910.7659
2354.5000 910.7279
2355.5000 910.6919
2356.5000 910.6579
2357.5000 910.6279
2358.5000 910.6010
2359.5000 910.5769
2360.5000 910.5569
2361.5000 910.5389
2362.5000 910.5239
2363.5000 910.5099
2364.5000 910.4990
2365.5000 910.4890
2366.5000 910.4809
2367.5000 910.4739
2368.5000 910.4680
2369.5000 910.4639
2370.5000 910.4599
2371.5000 910.4569
2372.5000 910.4559
2373.5000 910.4539
2374.5000 910.4539
2375.5000 910.4529
2376.5000 910.4539
2377.5000 910.4549
2378.5000 910.4559
2379.5000 910.4569
2380.5000 910.4589
2381.5000 910.4609
2382.5000 910.4629
2383.5000 910.4659
2384.5000 910.4689
2385.5000 910.4709
2386.5000 910.4739
2387.5000 910.4769
2388.5000 910.4799
2389.5000 910.4839
2390.5000 910.4869
2391.5000 910.4899
2392.5000 910.4939
2393.5000 910.4969
2394.5000 910.4999
2395.5000 910.5039
2396.5000 910.5069
2397.5000 910.5109
2398.5000 910.5139
2399.5000 910.5179
2400.5000 910.5209
2401.5000 910.5249
2402.5000 910.5280
2403.5000 910.5309
2404.5000 910.5349
2405.5000 910.5379
2406.5000 910.5409
2407.5000 910.5449
2408.5000 910.5479
2409.5000 910.5509
2410.5000 910.5539
2411.5000 910.5579
2412.5000 910.5609
2413.5000 910.5639
2414.5000 910.5670
2415.5000 910.5699
2416.5000 910.5729
2417.5000 910.5749
2418.5000 910.5779
2419.5000 910.5809
2420.5000 910.5839
2421.5000 910.5869
2422.5000 910.5889
2423.5000 910.5919
2424.5000 910.5939
2425.5000 910.5969
2426.5000 910.5989
2427.5000 910.6019
2428.5000 910.6039
2429.5000 910.6060
2430.5000 910.6089
2431.5000 910.6109
2432.5000 910.6129
2433.5000 910.6149
2434.5000 910.6169
2435.5000 910.6190
2436.5000 910.6209
2437.5000 910.6229
2438.5000 910.6249
2439.5000 910.6259
2440.5000 910.6279
2441.5000 910.6299
2442.5000 910.6309
2443.5000 910.6329
2444.5000 910.6339
2445.5000 910.6359
2446.5000 910.6369
2447.5000 910.6379
2448.5000 910.6399
2449.5000 910.6409
2450.5000 910.6419
2451.5000 910.6429
2452.5000 910.6439
2453.5000 910.6449
2454.5000 910.6449
2455.5000 910.6459
2456.5000 910.6469
2457.5000 910.6479
2458.5000 910.6479
2459.5000 910.6489
2460.5000 910.6489
2461.5000 910.6489
2462.5000 910.6489
2463.5000 910.6499
2464.5000 910.6499
2465.5000 910.6499
2466.5000 910.6499
2467.5000 910.6489
2468.5000 910.6489
2469.5000 910.6489
2470.5000 910.6479
2471.5000 910.6479
2472.5000 910.6469
2473.5000 910.6469
2474.5000 910.6459
2475.5000 910.6449
2476.5000 910.6439
2477.5000 910.6429
2478.5000 910.6419
2479.5000 910.6399
2480.5000 910.6389
2481.5000 910.6370
2482.5000 910.6359
2483.5000 910.6339
2484.5000 910.6319
2485.5000 910.6299
2486.5000 910.6279
2487.5000 910.6259
2488.5000 910.6229
2489.5000 910.6209
2490.5000 910.6179
2491.5000 910.6149
2492.5000 910.6129
2493.5000 910.6099
2494.5000 910.6059
2495.5000 910.6029
2496.5000 910.5989
2497.5000 910.5959
2498.5000 910.5919
2499.5000 910.5879
2500.5000 910.5859
